Id	From dataset	Site	Domestication Status	ProcCoord1	ProcCoord2	ProcCoord3	ProcCoord4	ProcCoord5	ProcCoord6	ProcCoord7	ProcCoord8	ProcCoord9	ProcCoord10	ProcCoord11	ProcCoord12	ProcCoord13	ProcCoord14	ProcCoord15	ProcCoord16
100.JPG	100.TPS	Botai	Unknown	0.3071288267004996	-0.3138392441743253	-0.010636914193213295	-0.36101936536226215	-0.5198965111980391	-0.24969746554580846	-0.05970514240848845	0.17171582818304604	-0.08346720386184353	0.38177634945945554	0.2948540826666121	0.1673667729749442	0.019618542957367292	0.23689420272013278	0.05210431933710471	-0.033197078255181624
103.JPG	103.TPS	Botai	Unknown	0.328471424059813	-0.3522298324676199	-0.032432695621652775	-0.4001142024587479	-0.45565585871218617	-0.2212505510381364	-0.057066573150114756	0.19689179317037972	-0.11320515096638194	0.37540504475430114	0.2909696426004453	0.14660740880879802	-0.004911055117080388	0.22711999272104005	0.04383026690715848	0.027570346509985598
104.JPG	104.TPS	Botai	Unknown	0.351749049431665	-0.34816561675732893	-0.03634795876701799	-0.371261795256858	-0.49079589744784924	-0.22784021971209964	-0.03921170839415233	0.18183814201331128	-0.09439595747585823	0.3455916810470292	0.2879299859348326	0.1681463244433352	0.007290265739974829	0.22341319191938538	0.01378222097840449	0.028278292303225618
105.JPG	105.TPS	Botai	Unknown	0.38000710356954276	-0.3511227556286971	-0.06529900507437181	-0.3778691612998695	-0.459200248530023	-0.21488685756527365	-0.05102304418959632	0.190261009014013	-0.09891045377488546	0.3681845261838856	0.2781619192733496	0.14657945648554319	-0.011210901278966358	0.21239288418848037	0.027474630004949655	0.026460898621918433
106.JPG	106.TPS	Botai	Unknown	0.3800141263692094	-0.34900622998630015	-0.049793120791851074	-0.3778717144451832	-0.4357689699989762	-0.2024362626984519	-0.045493230650384985	0.1734962337827657	-0.10957217094210427	0.403875261206916	0.2962933510817432	0.13721845918820838	-0.0040252040694064685	0.23153241251130235	-0.03165478099822842	-0.016808159559256765
107.JPG	107.TPS	Botai	Unknown	0.3609975145232385	-0.3770309407924032	-0.058162936498967	-0.36475550729987066	-0.45515872053060086	-0.2259611846548389	-0.050543907496583766	0.1697531931209012	-0.10698153012397252	0.3475538124886371	0.292351985423222	0.17508372074699247	0.007766519581708466	0.23154553716438667	0.009731075121953049	0.043811369226195704
109.JPG	109.TPS	Botai	Unknown	0.41638253022362626	-0.3173075276612382	-0.08168462626140857	-0.3800501003162981	-0.5097879583930063	-0.19688363096870382	-0.020761127935264734	0.16031686041654336	-0.08835958816455057	0.3309081335396259	0.2610432794943746	0.17359648863906824	0.016086775495652607	0.20764505504822386	0.007080715540575495	0.02177472130277925
110.JPG	110.TPS	Botai	Unknown	0.2845339504164188	-0.2805745723260453	-0.012868402735753943	-0.3933491953574166	-0.5211001172745523	-0.25697075918658047	-0.026420610143685963	0.11579549156181572	-0.0998679474303353	0.43924395381707365	0.3053312675709894	0.154289236953227	0.02822534956205241	0.20839303782882554	0.042166510034866427	0.013172806709100798
111.JPG	111.TPS	Botai	Unknown	0.32676164765326204	-0.3510357709403606	-0.03871784475004217	-0.38307941227851483	-0.4823798938865628	-0.23501965031117533	-0.03087993509037436	0.17722324857934704	-0.09801661329457191	0.3578629046503418	0.2779415802152397	0.19477339215620285	0.017209411327074955	0.22892489208862954	0.02808164782597459	0.010350396055530842
112.JPG	112.TPS	Botai	Unknown	0.31279258275508487	-0.31854994211008253	-0.014068319847628309	-0.36831179704199063	-0.5089398681043935	-0.2585243247986931	-0.04216225783916431	0.1733145031584982	-0.0805921888421509	0.4025402093547701	0.2808000347709687	0.14922887780349103	0.010877733394832109	0.21940043383169003	0.04129228371244989	9.020398023177484E-4
113.JPG	113.TPS	Botai	Unknown	0.34970043288378466	-0.34706273586599906	-0.050729597800763145	-0.3714324123795836	-0.4768992622955426	-0.22227909000223642	-0.04628944094235167	0.16690291588160885	-0.11319682213038681	0.35490260974723037	0.29775162861780824	0.1695712322009846	0.012130261260823587	0.23415214446012522	0.027532800406626857	0.0152453359578694
115.JPG	115.TPS	Botai	Unknown	0.43045496230380204	-0.29085226080938026	-0.07658900088719141	-0.3589713078394575	-0.5254824693102061	-0.19871992120122306	-0.041769541747033394	0.16909985797055554	-0.09641787207312247	0.3415530489151178	0.29567493458662725	0.11916983486263512	0.004591132326251345	0.190094388259424	0.009537854800873815	0.028626359842328346
116.JPG	116.TPS	Botai	Unknown	0.35716406792103683	-0.3416506032082578	-0.05289003605005388	-0.38746794404829055	-0.4768684308024404	-0.2231088926189807	-0.03918084472165672	0.17979433882312038	-0.09499046491649055	0.35130538082680274	0.28586400264241296	0.16882450956296058	0.00952285484321308	0.2222629998086426	0.01137885108397838	0.03004021085400165
117.JPG	117.TPS	Botai	Unknown	0.3462445887157815	-0.3787234320597806	-0.054747108845753914	-0.3737049081439323	-0.4261018066057141	-0.22412505941318728	-0.032881476290982696	0.19452864136429662	-0.15297227939521546	0.37708762911539684	0.29759105819555387	0.13861759917837346	0.004915438077073024	0.2418418059571146	0.017951586149259572	0.024477724001719166
118.JPG	118.TPS	Botai	Unknown	0.3267317932112391	-0.33526639363548655	-0.05292151918423684	-0.36529587831392135	-0.4838306831015945	-0.2515282933864296	-0.028432721320674526	0.16194354962965288	-0.11383375822929201	0.3894847718688774	0.27717043542269804	0.1573621545971351	0.012486988516164761	0.24060018066369085	0.0626294646856953	0.0026999085764809264
119.JPG	119.TPS	Botai	Unknown	0.41960732288571634	-0.3653400557936797	-0.10592632969663453	-0.37825329932758806	-0.4365847500063754	-0.20010841913107322	-0.06097412901597038	0.19856084029750698	-0.09720904900769642	0.3318165045897345	0.27428476116821515	0.15473259741104484	-0.013662097743501495	0.22476998860299555	0.02046427141624832	0.033821843351058645
IMG_1294.JPG	1294.TPS	Rogolik	Wild	0.3841304431068165	-0.3420657127365021	-0.059485305479035855	-0.407965952148811	-0.4719955050486162	-0.19854092326498562	-0.06963721611622267	0.18391193352691199	-0.08254944232443986	0.3318232140449597	0.26178554825030526	0.15645742244886146	0.012801147823905847	0.2383646088494932	0.024950329787287038	0.038015409280072424
13.JPG	13.TPS	Botai	Unknown	0.3238960624516991	-0.3338008046954203	-0.026895670963980257	-0.4005750056185896	-0.5207820458702571	-0.21470943026546277	-0.036964392221453486	0.1355054703169484	-0.106590802619416	0.34968187644566145	0.2473066965381966	0.22104110237862726	0.06776594726158211	0.2297537543446871	0.05226420542363073	0.013103037093547676
IMG_1301.JPG	1301.TPS	Rogolik	Wild	0.38930380408538545	-0.42327305593826103	-0.04745777020866359	-0.3342179999084009	-0.4161039984118952	-0.20634324727787406	-0.1060822055956619	0.20799296059394262	-0.1078723499461921	0.33378269583467735	0.32784742997442473	0.14855840799350722	-0.029151004572461586	0.2226703756753416	-0.010483905324935833	0.05082986302706751
14.JPG	14.TPS	Botai	Unknown	0.2938898360221436	-0.3232759271006441	0.009822626536841676	-0.37458284011958787	-0.5374579265223937	-0.25242796819288965	-0.05792670992068294	0.15422361699283776	-0.07287406608923747	0.37316900423275307	0.26558397223943436	0.19264629587015114	0.054164043867056075	0.23295047071143854	0.04479822386684039	-0.0027026523940568946
16.JPG	16.TPS	Botai	Unknown	0.29249600434556244	-0.31263129551241414	0.00392985052601951	-0.3765290564601345	-0.5204001937811691	-0.24635698120271518	-0.0731097566216593	0.17722680313208888	-0.06793824230750248	0.3838217655120706	0.30359475223108934	0.1706881510666909	-2.6092373788475474E-4	0.2242019662765387	0.06168850934554176	-0.02042135281212538
17.JPG	17.TPS	Botai	Unknown	0.39267485355704007	-0.3255090579116358	-0.05759547947300445	-0.36103505841764105	-0.5005080655496146	-0.2096492316440946	-0.07102131378037757	0.17051804864800585	-0.07091340547259999	0.3698833217400416	0.2669189472133607	0.15913397296717982	-2.2449337154216886E-4	0.20717287963616224	0.04066895687673965	-0.010514875018019548
21.JPG	21.TPS	Botai	Unknown	0.3453012415868801	-0.3389250600236938	-0.03774137657218338	-0.3664578674471028	-0.48529947906447085	-0.23113186144505954	-0.06403081979270653	0.18308056273019657	-0.09088632869697073	0.3551689490850791	0.30613864766679033	0.16527371547925856	0.012824522058066194	0.2260534276435491	0.013693592814595923	0.006938133977770651
22.JPG	22.TPS	Botai	Unknown	0.382564819375575	-0.4250356362960234	-0.07738717481775105	-0.36708205351923456	-0.4120002105376758	-0.221285239911509	-0.05812746364418343	0.2081472755547531	-0.09556758764517949	0.33953415307158946	0.26586167529682614	0.19982190365627098	-0.0016447031716716825	0.20602858859056392	-0.00369935485594103	0.05987100885358883
23.JPG	23.TPS	Botai	Unknown	0.3766683067290668	-0.4228842131671452	-0.07462647005727384	-0.3676562498025262	-0.4117737661355329	-0.23065407551278178	-0.06386669469650989	0.20356909044697064	-0.09699292664929107	0.36154605958594443	0.2401267263489493	0.17866186014548466	0.005359281659369566	0.22019769402886777	0.025105542801222423	0.05721983427518622
5.JPG	5.TPS	Botai	Unknown	0.2669269789894544	-0.34449728044085265	-0.013208568183357108	-0.3799318437131926	-0.5063797426484249	-0.26203127453114045	-0.035117194186550564	0.16056366999739247	-0.11662558835196436	0.39191085004914894	0.281160413951848	0.20978061336337459	0.04015304672002902	0.1981122850973485	0.08309065370896393	0.026092980177922213
76.JPG	76.TPS	Botai	Unknown	0.4085300527730368	-0.19422982807503644	-0.09714760653024188	-0.3291714167819728	-0.5441945638526839	-0.22815171897951525	-0.06886869522818483	0.12011477558431842	-0.13040328209009017	0.4275078516470445	0.37456264271430206	0.0677865063952238	0.05817375982268019	0.18313658040928524	-6.523076088170135E-4	-0.04699275019934707
84.JPG	84.TPS	Botai	Unknown	0.4069638418081773	-0.3680775574379382	-0.0769966433270239	-0.3451274084997455	-0.4806071596446877	-0.21245844659197088	-0.0527287821137653	0.1920869770729442	-0.08261736688668975	0.31558863278030524	0.28256790353147676	0.18849407329535622	-0.0038226366361022233	0.2046823388421975	0.007240843268615058	0.024811390538850828
86.JPG	86.TPS	Botai	Unknown	0.36018130619922384	-0.31126996763502285	-0.056233462422496404	-0.3620577630937885	-0.5001235766015316	-0.2537879210667326	-0.034943460001292365	0.1650544879395843	-0.08578337750684015	0.3902034889194847	0.2635063531003132	0.12081711489608551	0.015516495401440324	0.24205300426926885	0.03787972183118145	0.00898755577111817
87.JPG	87.TPS	Botai	Unknown	0.30403659359527346	-0.2995862036069485	-0.019192125682188355	-0.3732412806188671	-0.5049697036959637	-0.27445591205987685	-0.053071433397833094	0.18208191690198675	-0.06502956742378835	0.40765834947950935	0.2869905383579384	0.12550529372456334	0.003780899801152216	0.24698248705510154	0.04745479844540795	-0.014944650875469694
88.JPG	88.TPS	Botai	Unknown	0.3235044763174314	-0.29601673436251136	-0.05534911578646947	-0.37732232715168307	-0.520779496286355	-0.26332503590250134	-0.02575986225041285	0.15701445172278022	-0.06443550913271402	0.37181042854636936	0.2869248797729721	0.19026391034600806	0.022378510157421438	0.21877762498031667	0.03351611720812912	-0.0012023181787781025
89.JPG	89.TPS	Botai	Unknown	0.3845829799968599	-0.36737279355223756	-0.056597994773768	-0.3704246714254457	-0.4640323438747271	-0.20884072959701144	-0.09672827202566917	0.2090127869913208	-0.07459559295720175	0.3301749343036291	0.2873965941985362	0.16032805745933854	-0.01681362802061221	0.21147058009901332	0.03678825745658168	0.03565183572139378
90.JPG	90.TPS	Botai	Unknown	0.28203080895936633	-0.304953578788851	0.0031602829501175362	-0.3704155799586778	-0.5168582122857052	-0.2643928434899617	-0.044742957697265044	0.1634584416138243	-0.08383418774547718	0.3950829795437811	0.3134102964041959	0.14404627187676516	-2.1735901945133147E-4	0.25479936860768626	0.04705132843422091	-0.01762505940456764
93.JPG	93.TPS	Botai	Unknown	0.38351197531031134	-0.29850247136713565	-0.05959234952207753	-0.33509530218205263	-0.5205352213099942	-0.24828683929209108	-0.014248817725698358	0.1664815057708702	-0.0934709209712678	0.4059331091187923	0.26100654286593733	0.1392496777229205	0.04048411138855595	0.20180941471931443	0.002844679964235802	-0.031589094490618246
94.JPG	94.TPS	Botai	Unknown	0.39363073155409184	-0.3872115000676465	-0.07744657829262276	-0.3856430684278884	-0.4196111653412051	-0.2144440775802334	-0.06356365246450535	0.1987269814022456	-0.10127344686011863	0.36451067725004005	0.246689000780312	0.13078542745357585	-0.00812931635498027	0.24293928396873568	0.029704426979030155	0.05033627600117156
95.JPG	95.TPS	Botai	Unknown	0.407833057390377	-0.3423935183540308	-0.06400480263875759	-0.36990423152422436	-0.47339734562805447	-0.2156240256390244	-0.051695638402529706	0.18451487498237565	-0.07455295131565418	0.3518054422124124	0.26010404580049856	0.130706128420905	0.0029909497233913582	0.24174398992574464	-0.0072773149292702745	0.019151339975841352
98.JPG	98.TPS	Botai	Unknown	0.36350190245119035	-0.32334868325116545	-0.050013567061273974	-0.38327464581021653	-0.4978573915552043	-0.21442374235257286	-0.04410208361163979	0.16780552314050465	-0.09001110553019218	0.3642624242959078	0.2782977461791047	0.17517796802510682	0.015712070773051635	0.2084582412347699	0.024472428354961735	0.005342914717666861
DSC_0145.JPG	KENT_M3_145.TPS	Kent	Domestic	0.3465705911458409	-0.36857418601529657	-0.04673126502816873	-0.36214842563497457	-0.46561090058171656	-0.24510545132673317	-0.08121650418168827	0.2020082083084163	-0.08091424600607253	0.328114168180595	0.29679640024481285	0.15180388044785342	-0.003934739279919748	0.25313002792634975	0.03504066368691226	0.040771778113790194
DSC_0147.JPG	KENT_M3_147.TPS	Kent	Domestic	0.36937201461385605	-0.41012601114716063	-0.06276357108144286	-0.37110406710091565	-0.4287387657091853	-0.24020461680523142	-0.07994254073841806	0.21111219960843788	-0.08316465072292166	0.3399770760398144	0.24983270051631137	0.1619736975760361	0.01213396894316114	0.23264711144196598	0.023270844178641704	0.07572461038705273
DSC_0148.JPG	KENT_M3_148.TPS	Kent	Domestic	0.4106165569598984	-0.4270200937002524	-0.06499160390220933	-0.3972832456907984	-0.40043737310490657	-0.16248628338368967	-0.07933702538474464	0.19851119093085184	-0.09493655180088935	0.36031409295579164	0.247575277649467	0.1850788920788869	-0.04712695839269257	0.19629025610409556	0.028637677976077417	0.046595190705115315
DSC_0152.JPG	KENT_M3_152.TPS	Kent	Domestic	0.2759990438773361	-0.3012005767805408	-0.008374620653814556	-0.39719774529288565	-0.5210513768438583	-0.27332101082739774	-0.07102941558129311	0.13892783193101038	-0.07955216498803037	0.37267727382154714	0.2993300785222147	0.1713622305812367	0.08314604939487354	0.2461526377439213	0.021532406272572024	0.04259935882310884
DSC_0156.JPG	KENT_M3_156.TPS	Kent	Domestic	0.40207876655574004	-0.37562682819061105	-0.08016191452485644	-0.3544179133815824	-0.45012615324583427	-0.20614658357719387	-0.04557033628670158	0.17330485776827687	-0.12697527568910605	0.3588378178253255	0.2711421650120635	0.14709292085142928	-0.0017430920090193325	0.22471777045656458	0.03135584018771067	0.0322379582477913
DSC_0157.JPG	KENT_M3_157.TPS	Kent	Domestic	0.4177564451526137	-0.4033008368089344	-0.0842292119522191	-0.35828574407182306	-0.43160601548932154	-0.22804162929165828	-0.07823603815328378	0.20954531283416386	-0.07326321792721152	0.3542817402026625	0.2303186530390092	0.13579182852089272	-0.009841799379221857	0.20978229059814033	0.029101184709634246	0.08022703801655715
DSC_0158.JPG	KENT_M3_158.TPS	Kent	Domestic	0.3399443602633474	-0.3647703638864131	-0.07491935421713157	-0.3770446254028931	-0.4507248616367748	-0.24365449050446136	-0.04062196942898001	0.17629660629203858	-0.09613965230722117	0.3570463142309732	0.2871875641715792	0.2058788773208665	0.019424562818063845	0.22519638809182374	0.015849350337118352	0.021051293858065465
DSC_0171.JPG	KENT_M3_171.TPS	Kent	Domestic	0.37414820586387965	-0.42636926752975396	-0.02988812350804769	-0.36028816232175637	-0.42296223536672883	-0.18890359904081191	-0.07308325107640644	0.19864296181004412	-0.15504824533408013	0.3558150440151399	0.28430076520964265	0.1345099918261558	-0.0151220120178056	0.2239169750147473	0.037654896229548575	0.06267605622623379
DSC_0173.JPG	KENT_M3_173.TPS	Kent	Domestic	0.35115540473516665	-0.32070155111620097	-0.04354880702826532	-0.33809122282174336	-0.5145911702105708	-0.23620512756876494	-0.05890667473148868	0.1469133067505002	-0.10651319681797126	0.38670410709243974	0.2961313629081313	0.16137322290991424	0.028703994701986525	0.20885854638608586	0.0475690864430116	-0.008851281632230385
DSC_0175.JPG	KENT_M3_175.TPS	Kent	Domestic	0.4010641478028715	-0.3175673123924681	-0.0766192357902912	-0.38351234012152	-0.4970300644152804	-0.1892052318643559	-0.060468523402483765	0.14866111820255168	-0.10961397310336665	0.3475779140467367	0.28394838041780174	0.14900384729247299	0.008601645273647191	0.21090168602076453	0.050117623217100664	0.03414031881581739
DSC_0176.JPG	KENT_M3_176.TPS	Kent	Domestic	0.33684919918707756	-0.3391220253905827	0.0019748817287195083	-0.38661541213311607	-0.4760384983773304	-0.25340062972793526	-0.0631773915047472	0.18079092097782679	-0.0705530637653631	0.40689817128298117	0.27987721253042974	0.08265456056485511	1.7550887706713723E-4	0.22650251291410722	-0.009107848675855127	0.08229190151186577
DSC_0178.JPG	KENT_M3_178.TPS	Kent	Domestic	0.39385243518534535	-0.36416470149759594	-0.058427471065487555	-0.3427087427879296	-0.4722207488430674	-0.22208420934370973	-0.04206782558585029	0.1740892756995099	-0.09701126252701353	0.36644730325652236	0.2633431716814751	0.1557569280533794	0.011417219751930172	0.22898742176914288	0.0011144814026692376	0.0036767248506813384
DSC_0179.JPG	KENT_M3_179.TPS	Kent	Domestic	0.4000765271966719	-0.3364100589910934	-0.06666557100135687	-0.3433567973136197	-0.4996418113624939	-0.21097213618009017	-0.0222005702511318	0.16153995290370965	-0.10087151582572929	0.36063331369944035	0.2747103467957028	0.16356327226312478	-0.005023953423174232	0.21598339567515734	0.01961654787150927	-0.010980942056628253
DSC_0180.JPG	KENT_M3_180.TPS	Kent	Domestic	0.3788498513465748	-0.4078828280767644	-0.06823190245710879	-0.3661953822717722	-0.4246028364921696	-0.21853230263429416	-0.06042563967036419	0.18927145498599687	-0.1005795854471381	0.3513024035454569	0.2711691532843777	0.1832437811007654	0.0012822588857657248	0.2190487463124538	0.002538700550062857	0.049744127038157185
DSC_0183.JPG	KENT_M3_183.TPS	Kent	Domestic	0.3069664541108344	-0.317537702783551	-0.015605469396613496	-0.3756668759400386	-0.5247031722856554	-0.2674443192190248	-0.03203444497256858	0.1831443560948603	-0.06356180679551503	0.38074573324109856	0.2578078211250174	0.16782535191869563	0.015007574436003542	0.22519174122621352	0.056123043778495585	0.003741715461747086
DSC_0184.JPG	KENT_M3_184.TPS	Kent	Domestic	0.3562818646085096	-0.3465460105330818	-0.018591211498964633	-0.3199049521358339	-0.5076109779464775	-0.2662579951144739	-0.057632309969691216	0.1691233410454585	-0.06888928800643108	0.4093398562498583	0.24640070723119384	0.13052525907776255	0.026931889077983547	0.2275969103643875	0.02310932650387722	-0.00387640895407746
IMG_1232.JPG	M3_31607_1232.TPS	31607	Wild	0.3562287319727162	-0.35113153114045614	-0.05425668763078362	-0.37198678806834784	-0.47111495884470367	-0.25160219909399345	-0.04944457343816828	0.2032919904835219	-0.060985340812477036	0.35493835671023705	0.27607740776994155	0.1525274905014993	-0.014479570974579425	0.22766862201990726	0.017974991958055086	0.036294058587631434
IMG_1234.JPG	M3_31607_1234.TPS	31607	Wild	0.40916350864046075	-0.37553460776738934	-0.08355093880548824	-0.35126144371063756	-0.4718187508600015	-0.22028627083796917	-0.0556337801605446	0.19413388908156418	-0.08897349698638249	0.322781967542722	0.2553136620795593	0.15940149840280365	-0.0041090850027062495	0.21903855111717835	0.03960888109510376	0.05172641617172768
IMG_1238.JPG	M3_31607_1238.TPS	31607	Wild	0.39709054293435325	-0.3768425587791996	-0.05549496604187325	-0.364109562418525	-0.4507623991077325	-0.17810899965057894	-0.061531996471107256	0.1839246687383514	-0.146828559488759	0.3543671170477891	0.2836659859484546	0.1435502004721261	-2.3325822027426158E-4	0.22414541536522262	0.034094650446936846	0.013073719224814056
IMG_1243.JPG	M3_31607_1243.TPS	31607	Wild	0.38506392229435393	-0.3573394287413336	-0.08775500869259709	-0.3714297487490555	-0.46142794898732054	-0.22047944132148317	-0.06047430866291885	0.188315380746789	-0.09780284788925925	0.34065841437273964	0.2777486711178152	0.17237900039037465	0.007414059601534603	0.21133623774890378	0.03723346121839076	0.03655958555306529
IMG_1244.JPG	M3_31607_1244.TPS	31607	Wild	0.37029113732972024	-0.3444823916099286	-0.06231512697521713	-0.3572674552247066	-0.49112511965811156	-0.23861609032414988	-0.048485224223415856	0.1853333468681715	-0.10467353057725239	0.3388058624442532	0.29210292166312046	0.14462267852924338	0.01423744235087323	0.20983303840035714	0.029967500090282734	0.0617710109167599
IMG_1246.JPG	M3_31607_1246.TPS	31607	Wild	0.36676443771053724	-0.300808288029021	-0.048337327297090664	-0.3571169137038176	-0.5221936191819481	-0.21569968906972495	-0.06016495482929537	0.15411824783182929	-0.09529398767866099	0.36468131507459106	0.30436181512261085	0.16334200498095836	0.019820872464528693	0.21228490606611575	0.03504276368931754	-0.020801583150932543
IMG_1251.JPG	M3_31607_1251.TPS	31607	Wild	0.4587084832026653	-0.3843201233234358	-0.09797242971628263	-0.34070526970411824	-0.4558925619431572	-0.16620580189973438	-0.07147337130492465	0.1719952932836181	-0.11776958006990615	0.3214736144912008	0.27353805024984057	0.16794770032669046	-0.0033053770442862803	0.20661850686710373	0.014166786626051607	0.023196079958675193
IMG_1252.JPG	M3_31607_1252.TPS	31607	Wild	0.36900558729198074	-0.36244874524700604	-0.06721470386697248	-0.3674454103090269	-0.4630078025721515	-0.23064127307616053	-0.060143861149103875	0.20286126243055672	-0.08700942451064073	0.3363799297737776	0.2892390449548564	0.15814741888936518	-0.01841423417838004	0.22517571653170065	0.037545394030411634	0.037971101006793295
IMG_1255.JPG	M3_31607_1255.TPS	31607	Wild	0.3491985920168718	-0.3694619972668941	-0.061271863411383375	-0.3644956490698325	-0.4519941497690755	-0.23996207275434428	-0.04221792901860116	0.19205286356316079	-0.11739527738243745	0.3551623996115173	0.2998417440921005	0.15092288115267063	-0.006878517801265664	0.2286564792536858	0.030717401273792303	0.04712509551003614
IMG_1257.JPG	M3_31607_1257.TPS	31607	Wild	0.43400159983846537	-0.394085485828635	-0.06301415960133647	-0.33197090469753293	-0.46249674498389265	-0.17114642304020816	-0.0714065660543032	0.16792142261169063	-0.12725228631263566	0.3371192980269124	0.2838806221138356	0.15790411345893623	-0.009464218314280251	0.2046329403929704	0.015751753314147188	0.029625039075866562
IMG_1258.JPG	M3_31607_1258.TPS	31607	Wild	0.4393819587592668	-0.35430380624991015	-0.08536201721677597	-0.3778607221547792	-0.47334169490937256	-0.18164168328917493	-0.05059624689534642	0.18355668987665638	-0.0936870171763614	0.3281336003577788	0.25034654542388207	0.1528658718105904	7.537142367025117E-4	0.2078999881185163	0.01250475777800518	0.04135006153032283
IMG_1260.JPG	M3_33128_1260.TPS	33128	Wild	0.3580100419723113	-0.33596232830409717	-0.053437076874976175	-0.36587201603848396	-0.4855446219408731	-0.23438079493535016	-0.032076531621494694	0.16662145325060215	-0.09758972882629732	0.3833061119643085	0.2730486119147812	0.15620895747437327	0.005694462887940004	0.2206573962884891	0.0318948424886096	0.00942122030015781
IMG_1262.JPG	M3_33128_1262.TPS	33128	Wild	0.3801909527020191	-0.34756085319678115	-0.07938501405665746	-0.4066402339184779	-0.44764706013161765	-0.1944934233813448	-0.06137512677427075	0.19361548513646612	-0.11041684912574604	0.3444248959237416	0.2909511254036474	0.1592798038269316	-0.009612499635310325	0.21236364078911554	0.037294471617935275	0.03901068482035119
IMG_1265.JPG	M3_33128_1265.TPS	33128	Wild	0.3864354424406049	-0.37439212104673036	0.001882444108177477	-0.3856657860089034	-0.48313020198063966	-0.1993993266728527	-0.052153758534156505	0.21016819198168174	-0.05546000166593083	0.3500624954484624	0.23665564711312692	0.14921839554293304	-0.009666237884797693	0.21973589921913186	-0.02456333359638564	0.030272251536276995
IMG_1278.JPG	M3_33128_1278.TPS	33128	Wild	0.3738774923632879	-0.39714664692418644	-0.05134506297176176	-0.36891394018405954	-0.4331556901070721	-0.21360177470496458	-0.0762964826848295	0.2050808730321884	-0.09962512972972362	0.3515669481541649	0.28559252938322843	0.15848424511976764	-0.01461325410112796	0.21356411999800393	0.015565597847996031	0.05096617550908703
IMG_1279.JPG	M3_33128_1279.TPS	33128	Wild	0.42808204896814966	-0.39532904686764037	-0.07027241321098261	-0.3624884069525655	-0.43980950825485554	-0.19527096273411798	-0.07448343917347552	0.22390671150151725	-0.10463296600270197	0.32613730052005985	0.2578417946077069	0.12467989119986844	-0.011434635575787687	0.21732841794314897	0.014709118641946782	0.061036095389729504
IMG_1378.jpg	M3_ARZ_1378.TPS	Arzhan	Domestic	0.3469435562139146	-0.3983544604334825	-0.07217690410070461	-0.37677708037442154	-0.4235101777422595	-0.2618235481471038	-0.06782167789689773	0.20048925697649497	-0.06969390187804476	0.36096036478291227	0.253817603746603	0.18357184642446298	0.018648898831843685	0.23190139256934506	0.013792602825545496	0.060032228201793304
IMG_1383.jpg	M3_ARZ_1383.TPS	Arzhan	Domestic	0.37624613342602903	-0.3967987862601675	-0.07754018119283734	-0.3584838442219576	-0.43635514215393395	-0.24151362551710415	-0.036652555967951285	0.18686035780605728	-0.10441686379502953	0.3677650643854126	0.24661414349100086	0.1687502886803878	0.014068427362859034	0.22052254674429891	0.0180360388298626	0.052897998383072874
IMG_1385.jpg	M3_ARZ_1385.TPS	Arzhan	Domestic	0.42608603733433004	-0.36296052459156547	-0.10432846286403626	-0.3768949595043309	-0.44567745862285474	-0.20597419269079228	-0.06531818042939622	0.1773584543130273	-0.08877493506427497	0.35097692345539727	0.25027804199154924	0.1502475668371943	0.006684117180644375	0.21307251063377095	0.02105084047403868	0.05417422154729883
IMG_1386.jpg	M3_ARZ_1386.TPS	Arzhan	Domestic	0.3970666295985149	-0.363220116154416	-0.10359782599985352	-0.35662063925929927	-0.455203175984237	-0.24958418880456343	-0.05348598877632858	0.17980215573595548	-0.08664705918362475	0.35890219503543597	0.2556439078775637	0.155122509674604	0.025945940911131726	0.20638061009317674	0.020277571556833733	0.06921747367910594
IMG_1389.jpg	M3_ARZ_1389.TPS	Arzhan	Domestic	0.40073549025849986	-0.39866899529726196	-0.06579463542379872	-0.3630804841366051	-0.4524850958602514	-0.20946691280264562	-0.0722670639270976	0.19465501498262824	-0.0895527699512437	0.32224982737605123	0.27083208505937423	0.16950070192289218	-0.005318044985121673	0.20207816169087658	0.013850034829638673	0.0827326862640652
DSCN7853.JPG	MOD_M3_7853.TPS	Modern	Domestic	0.40000511880272066	-0.3553244112678951	-0.05669406806343292	-0.3623851266001196	-0.504873926866969	-0.11860745929532181	-0.029792831822344743	0.12443871858053629	-0.28144558687267673	0.3062229144983414	0.3164900478176498	0.17477829219877036	0.09520258083994879	0.20601774403128748	0.06110866616510081	0.024859327854398594
DSCN7855.JPG	MOD_M3_7855.TPS	Modern	Domestic	0.44435241692259325	-0.301418891482003	-0.06728470986251156	-0.32867885574494415	-0.5425193176642417	-0.12450849502193702	-0.046401965405980454	0.09337000911961184	-0.18960162063877858	0.3061594801628137	0.3893737073787084	0.20166070630774002	0.06687794181736467	0.15239110094093994	-0.05479645254715214	0.0010249457177820718
DSC_0102.JPG	PAV_M3_102.TPS	Pavlodar	Wild	0.3688371560612757	-0.3809512568006133	-0.06620127264153543	-0.36018568632521286	-0.46466517326492657	-0.24900329699618867	-0.048547811917933004	0.18883946773458396	-0.07253818995419652	0.3550213024615953	0.23554417100673475	0.18179379934543802	0.01992546317174202	0.22464022150501092	0.027645657538838173	0.03984544907538656
DSC_0104.JPG	PAV_M3_104.TPS	Pavlodar	Wild	0.3372155018941468	-0.3363268665106232	-0.055106608644143656	-0.3774317759342112	-0.4698383614180208	-0.2469075418013031	-0.046840582885938994	0.18953310292053874	-0.07099378654396675	0.38118548840285854	0.2783274134073779	0.17961096296397058	0.0024666995877914927	0.22986648522408248	0.02476972460275878	-0.019529855265312653
DSC_0058.JPG	PAV_M3_58.TPS	Pavlodar	Wild	0.3816294517706118	-0.36512189557298486	-0.07293360906911991	-0.368988284576079	-0.4740635781972957	-0.21955803316972206	-0.06073556278693736	0.16546529394460813	-0.10363524904405129	0.3503413826326385	0.25337060278712853	0.17640088223692643	0.032509350685560254	0.21048818047536996	0.043858593854103164	0.050972474029242064
DSC_0060.JPG	PAV_M3_60.TPS	Pavlodar	Wild	0.37136017188621906	-0.37215099688933007	-0.08180807312629544	-0.36943875540704907	-0.4556604060921707	-0.24070974585288268	-0.0926963282580035	0.20970780194823166	-0.08236726597915366	0.3335852638620085	0.25977030075026053	0.16559184398474278	0.022300762240626538	0.22224075233895144	0.05910083857851553	0.051173836015328586
DSC_0063.JPG	PAV_M3_63.TPS	Pavlodar	Wild	0.37624434882071967	-0.3323435694815268	-0.05273928194363078	-0.3863035062585989	-0.49234190370071396	-0.22088138617794215	-0.06228535974102419	0.1647726677205637	-0.07651691842897147	0.37070872017619766	0.23536125425578985	0.1722423025780389	0.05791131209307127	0.21918259707110174	0.014366548644761917	0.012622174372165047
DSC_0070.JPG	PAV_M3_70.TPS	Pavlodar	Wild	0.3673388500915107	-0.4190262371302316	-0.041365000802706914	-0.3510323199797783	-0.4404486782609128	-0.21395913368062103	-0.0699487295925887	0.18626542569032495	-0.1212473732765161	0.35923853231899083	0.2507629018351866	0.169063984877364	0.008140524598328095	0.23429091282527054	0.04676750540769672	0.03515883507867954
DSC_0073.JPG	PAV_M3_73.TPS	Pavlodar	Wild	0.37991773251893485	-0.4357022466160991	-0.032626557508592176	-0.3328854461311181	-0.47217638518062255	-0.23221657554501585	-0.03827134019666966	0.20872151332264546	-0.09412445177734846	0.32201115118387075	0.20930057197381882	0.19843812957416487	0.02817407041244605	0.22421792024178303	0.01980635975803312	0.04741555396976756
DSC_0075.JPG	PAV_M3_75.TPS	Pavlodar	Wild	0.36395763667070075	-0.40597942242776974	-0.06298866954204095	-0.36347016019972195	-0.44565744692933396	-0.24693802174652707	-0.05157884088950637	0.2246039684629514	-0.08252817426036295	0.3398292675845885	0.23940776255725607	0.17722651103495585	-7.140448540547838E-4	0.2170841471610687	0.04010177724734495	0.057643710130450464
DSC_0078.JPG	PAV_M3_78.TPS	Pavlodar	Wild	0.41039547484195676	-0.3487696410358275	-0.08107676449508627	-0.37397813223517656	-0.4643207192757146	-0.19488646318399494	-0.0735472457101347	0.205087153135019	-0.0864717899625791	0.3161277644802459	0.2845806128812534	0.1450114283823437	-0.025566022871019892	0.2446601922339187	0.03600645459132255	0.0067476982234722
DSC_0083.JPG	PAV_M3_83.TPS	Pavlodar	Wild	0.37214583553063757	-0.28742534362211625	-0.034314153854671944	-0.37111900592810626	-0.5423316567805382	-0.22174006047350905	-0.03500071591147846	0.1547667617561906	-0.08064341261843165	0.366155087143984	0.2671856859776124	0.12211785089115361	0.0022995285029317213	0.23762417716821121	0.050658889153938846	-3.7946693580885214E-4
DSC_0090.JPG	PAV_M3_90.TPS	Pavlodar	Wild	0.39956092163777357	-0.3656852140166516	-0.08092428899895997	-0.3471974530227243	-0.46629098096758925	-0.22272906174639018	-0.07645806278733759	0.19475306204236603	-0.0967350071238414	0.32508689167970434	0.2837769997631202	0.14679564524541058	0.0032736453968199913	0.23115494813342446	0.03379677308001633	0.03782118168486035
DSC_0096.JPG	PAV_M3_96.TPS	Pavlodar	Wild	0.33099316890827934	-0.4269493900472115	-0.06358178877078195	-0.35325797644198986	-0.4208630398907129	-0.2514148671643781	-0.042865085723081786	0.17704619043500558	-0.12526979726635046	0.36544746129557804	0.2696267894557411	0.20069055749915163	0.013389920897431448	0.23056882425232123	0.038569832389474416	0.05786920017152401
DSC_0098.JPG	PAV_M3_98.TPS	Pavlodar	Wild	0.40554096435736636	-0.39599069771200845	-0.11271087268929826	-0.33850599565749984	-0.4564034344217444	-0.23906543462015364	-0.07026172121045149	0.19298917731006	-0.06211544621841186	0.33103239547432833	0.23896519998670213	0.20863383763215712	-0.00731577074097387	0.19833979471450786	0.06430108093681057	0.04256692285861069
DSCN7813.JPG	RCS_M3_7813	Modern	Domestic	0.39475701906199684	-0.4058566355720397	-0.06589667893142477	-0.37053083573700907	-0.4497508198192028	-0.22724137311133072	-0.0591317340543383	0.21901726285026976	-0.04727360554576913	0.32193296374924546	0.219258046798983	0.18810053523384082	-0.013221134169179215	0.23311020905690424	0.02125890665893508	0.041467873530118445
DSCN7813.JPG	RCS_M3_7813rc	Modern	Domestic	0.38457829523445347	-0.4071983053348681	-0.05121373388817169	-0.36793402674910264	-0.4511905003021115	-0.22399320107802137	-0.06463938829358913	0.21767152829317923	-0.058500977177342935	0.33240105052735014	0.22410752678127902	0.18259895272336213	-0.009748444110541989	0.2326722969551534	0.026607221756024667	0.03378170466294653
DSCN7823.JPG	RCS_M3_7823rc	Modern	Domestic	0.36649638289831193	-0.3020597700552761	-0.11023471379190665	-0.3690877638824888	-0.4697151901829309	-0.2856291425569235	-0.0589733119507434	0.19280632896357244	-0.05583094452898489	0.35736390534473805	0.31294690420394755	0.1328099345721372	0.019220640093040104	0.21901961765073164	-0.00390976674073359	0.05477688996350944
DSCN7824.JPG	RCS_M3_7824	Modern	Domestic	0.3620210499266917	-0.3183144222182552	-0.07008356157091167	-0.3846532863710545	-0.47097476915728426	-0.25729195678823924	-0.03373713740129351	0.17704312370781364	-0.07644078887535621	0.3936218548807553	0.2741294884273881	0.1335001268267004	0.02277394745543595	0.21196625800205082	-0.007688228804672046	0.044128301960226726
DSCN7824.JPG	RCS_M3_7824rc	Modern	Domestic	0.355061084299835	-0.32548735822542746	-0.06420677329782033	-0.3829585344666384	-0.4625793018474125	-0.2586924719133771	-0.03836183707181403	0.17763679912586208	-0.08201215357115914	0.40856913353649554	0.2736514862404994	0.13081791462153805	0.023072974719605517	0.20715819151416595	-0.004625479471736309	0.04295632580738001
DSCN7826.JPG	RCS_M3_7826	Modern	Domestic	0.40523267475197794	-0.33360388940814645	-0.09208712295200738	-0.3612713779084821	-0.4654195788751392	-0.238785301910728	-0.04439140362156246	0.1774637101088283	-0.08247180211107077	0.3749984434934088	0.2786036066041628	0.13053546914095637	0.009289078012624803	0.19997597970624967	-0.008755451808986063	0.05068696677791358
DSCN7828.JPG	RCS_M3_7828rc	Modern	Domestic	0.36507455845518744	-0.3579027327438737	-0.06313374923853014	-0.4144256738555993	-0.4526135173290763	-0.2526286869001311	-0.027852111175291395	0.19283254443737838	-0.040072029134472886	0.3931992057581962	0.19995489928268123	0.16910386243864647	0.02075472327050922	0.20782038055323956	-0.0021127741310090972	0.062001100312145466
DSCN7829.JPG	RCS_M3_7829	Modern	Domestic	0.3710558766654282	-0.36415336259468484	-0.06901236694781379	-0.4142281157422576	-0.4494339262818473	-0.26681577156777936	-0.02210914568726216	0.19353783409707673	-0.028177820565590306	0.38220325731620297	0.19888818707228792	0.16248093807786257	0.02394189400896561	0.2061300472057857	-0.025152698264168473	0.10084517320779522
DSCN7831.JPG	RCS_M3_7831	Modern	Domestic	0.4240651806182374	-0.3357434532203434	-0.10356303336763686	-0.34062498890745996	-0.485675304006951	-0.22121491870307095	-0.03895178539320983	0.18737616999280488	-0.0952565673896614	0.34266948542165754	0.2661632271905306	0.14874375927875066	0.0026338080933546895	0.21532857797472812	0.030584474255337932	0.0034653681629338716
DSCN7833.JPG	RCS_M3_7833	Modern	Domestic	0.4045513602378333	-0.3235981718741492	-0.08462520291829362	-0.36091377429777877	-0.49991380452223344	-0.21073833251990393	-0.0336606245487292	0.17199656967170693	-0.10430767951280387	0.3422309666774245	0.2615460704120641	0.15289112097412108	0.012709146673104087	0.23143648174701006	0.043700734179059925	-0.0033048603784326127
DSCN7840.JPG	RCS_M3_7840	Modern	Domestic	0.35489899371042116	-0.32215389818362594	-0.046677697874684766	-0.3620077825439993	-0.5071022186855303	-0.23650538841137447	-0.05286511640891906	0.18037977548432632	-0.08903576408144367	0.3516981703703681	0.31007875266771945	0.1595163162976409	0.010253683417658968	0.1961785578954182	0.020449367254778618	0.03289424909124856